---------------------------------- TABELA 1 --------------------------------------

INC = 1000 
FIM = 20000 
STP = 1000 

Tamanho (n)    vDP            tDP            vGreedy        tGreedy        %              
----------------------------------------------------------------------------------
1000           5250           0.091893       5250           0.008172       100.00      
2000           6034           0.278623       6034           0.004623       100.00      
3000           9880           0.635051       9864           0.002912       99.84       
4000           32000          1.134068       32000          0.505120       100.00      
5000           20000          1.778290       20000          0.804883       100.00      
6000           21575          2.556903       21563          0.006670       99.94       
7000           25452          3.486694       25452          0.075205       100.00      
8000           25842          4.563157       25842          0.084837       100.00      
9000           40500          6.115812       40500          0.444670       100.00      
10000          32667          7.349663       32650          0.026685       99.95       
11000          66000          8.753425       66000          4.132366       100.00      
12000          39694          10.467664      39658          0.018728       99.91       
13000          47932          12.280757      47928          0.375296       99.99       
14000          45784          14.299439      45781          0.043642       99.99       
15000          270000         16.379936      270000         8.004390       100.00      
16000          72000          18.905404      72000          2.092820       100.00      
17000          90662          21.534308      90662          1.716470       100.00      
18000          84000          23.873360      84000          3.657567       100.00      
19000          95000          26.262167      95000          6.369656       100.00      
20000          62038          29.309991      62036          0.012079       100.00   





---------------------------------- TABELA 2 --------------------------------------

INC = 1000 
FIM = 10000 
STP = 1000 

Tamanho (n)    vDP            tDP            vGreedy        tGreedy        %              
----------------------------------------------------------------------------------
1000           7663           0.111924       7661           0.010435       99.97       
2000           17000          0.293612       17000          0.067044       100.00      
3000           39000          0.673868       39000          0.288668       100.00      
4000           44000          1.437323       44000          0.514835       100.00      
5000           33750          1.877836       33750          0.200105       100.00      
6000           78000          2.708036       78000          1.207714       100.00      
7000           36646          3.674068       36609          0.005146       99.90       
8000           78654          4.798045       78650          0.365481       99.99       
9000           90000          6.073274       90000          2.619715       100.00      
10000          90000          7.524917       90000          3.376704       100.00      
11000          69917          9.148927       69913          0.149372       99.99       
12000          61843          10.935645      61842          0.128489       100.00      
13000          84500          13.059787      84500          2.985580       100.00      
14000          122500         14.913017      122500         1.691854       100.00      
15000          126750         17.331316      126750         0.389916       100.00      
16000          89936          19.658567      89936          0.087352       100.00      
17000          170000         22.520028      170000         5.243535       100.00      
18000          270000         24.935229      270000         11.649714      100.00      
19000          114000         28.171043      114000         2.581951       100.00      
20000          153329         30.608511      153329         4.661626       100.00  